7825036048
8573046310
7639786670
7355281617
3176607084
2073279519
50545208385
4094623372
351960000000
4962967181
9496092809
7017517337
4795845650
5458779002
2553051702
2999749616
3943941344
2452222692
5822271251
8655230110
3333623816
5773212867
4867409934
8285828842
2458257605
8924005000
7365897899
5614939832
9256203826
6058193813
7239573460
4569446119
5254844876
6792141948
3573064467
4017201857
4945593689
5766758935
5797816470
2523941418
3076592665
9614478671
5792383710
4075595623
5707906471
8374627881
2123327392
6734135219
5932425918
9849619228
2387042813
3893776124
5485874219
2105096558
8728060297
8488724530
2787383366
5547417307
2113979448
4544797818
9549671275
4803930903
7446969089
6738656665
7237839257
9247489709
2848903048
4797419210
8246634542
7958109228
8986430042
8883635636
3758211601
2457970425
5988528172
3675817678
3485188536
9486109942
6556019304
8072740498
4824403671